-0.11014294765729701
-0.12640458020601864
-0.05899111912252713
0.21006739527796922
-0.07660304524717597
-0.14092350984285684
0.17497048738226872
0.01860947002902627
0.40112036246524996
0.24518691031963505
0.1280551770145877
-0.11217322135640112
-0.12377568464636496
0.03975742644262201
0.17481651111934965
-0.15680502257315956
0.09196656816601388
0.2508886859012759
0.09846108719922664
0.12459017231234465
0.00033217920526429687
0.1317237653359868
0.0591689422641454
-0.29175128017004226
-0.07745406067128545
0.261101970191497
0.20132947693373254
-0.2511956167136374
0.05533527703312931
0.1235584555205949
-0.25839496985541993
0.10060218254719079
0.2614798313925098
-0.09475414309517906
0.01290304836852149
-0.12040783656741683
-0.3849595217305393
-0.4464691184020543
0.19533867050253698
0.123431030031947
0.13295040839273037
0.16195946445467513
-0.22342733238575777
0.06771397872763965
-0.20182703761605617
0.13556127699210616
0.10279218381605004
0.0422898294776086
-0.040533864928009845
-0.026077551071283473
0.09251413715297542
0.07204257229330975
-0.00747889358916366
-0.36543020146769906
0.05297301488611449
-0.09061934451158755
-0.2837145959498118
0.16551378905787373
-0.07036028457641338
-0.07802604220387543
-0.20087406431366725
0.1900653869755844
-0.014472946042138403
-0.09209527329154818
