-0.07082268043530937
0.12547013333293938
0.053599926625003846
0.027890229625565564
0.024929399184038206
0.06899785190831392
0.1298382712057014
0.0041811055479296045
-0.04444170513978452
-0.04630088488143856
-0.09181447766067677
0.03206999005284194
0.18804000406118512
0.06674058961920362
-0.05229601022572214
-0.13686160798225142
-0.061339001780896296
0.0465636281750089
0.07341898274625187
0.12067447402102746
0.018883872238776262
-0.19093894146894203
-0.009073140391568086
-0.17925318168263157
0.041057704609966335
0.1725790703845107
-0.057673062486402187
0.07317615072482124
0.0016928900283574135
0.12168851557205254
0.0034261732847553415
0.03328873856698611
