1.229539137953225 0.8623883240914776 0.025334407865138076 -0.7181019417123146 0.6160031273592909 0.6973797911456279 0.6090797795229118 -0.8837782427639218 0.8634182922877287 0.41699114382282665 -0.5634181139830524 0.6529804396069566 -0.024301256176741177 0.010199252724951627 -0.8022814972565466 0.9977097624121659 0.1728302413394634 0.9627070315690193 0.8590330353386817 -0.2637519871867824 0.6592151143002255 0.9664991650976356 -0.5994548694426441 -0.7130767398424211 -0.6483266317403257 -0.39532132320331725 -0.7571239482310022 -0.7832848895936525 -0.3635751499660479 0.5386601105039606 0.5445771900523506 -0.2516156954860524 0.16134790775308472 0.06247007330162983 0.4780792279180158 -0.31401400170214006 0.15592003104900856 -0.704025771572969 -0.04679889862028776 -0.9671529415049473 -0.9784871919708558 -1.045748362658972 0.5482662178462578 0.07667747752801472 -0.300420700854665 -0.6549644698225899 -1.2657018185157607 -0.37862770224440717 -0.0019701881092386423 -0.02089936272721551 -0.36242052973511507 -0.2494396194668877 -0.33516879965852464 0.6004690961729687 -0.7735780868310491 -0.5892182377286155 -0.37428734447679135 0.8123417716597199 -0.5482165739192222 -0.6027445681532255 -1.3017188475228332 0.13967168390948526 0.9919984332192917 0.18600169953173024
0.5266873703527601 -0.9841457909060322 0.705685637686043 0.6997548654167816 -0.6578897162167562 -0.47102846968170436 0.3020825275252505 -0.37886582827314186 0.596154905260695 0.9214011338253055 0.3361200937827295 0.61451061041833 0.14156178103652414 0.2057793597507087 -0.48200288203009795 -0.17935058819928187 -1.1742695240899554 -0.24898008102795788 1.3414235064101172 0.8166440987077187 -0.4238975237041741 -1.3468745071834987 -0.6403313826393628 0.37806358314686744 -0.5765873741597868 -0.5753454935643444 -0.4454057110334207 -1.2621227753573787 -0.7753532487317547 0.3675934448628393 0.0704135941403904 -0.3750578844335876 1.5999373585024586 -0.14542605181239926 -0.9367126193579041 0.27306746178502156 0.9906294398081456 0.1571287474619882 0.10026927383536482 -0.5705294122086355 -0.46312211469737496 -0.7766746182817607 0.6289976588000009 0.16528112822628555 1.2796266532235967 0.2929307422308521 0.6546711723929859 -0.6619980516654966 -0.7829175801046233 -0.5217612688048856 0.0992625209981994 1.1653044143710913 -0.20359790155611895 -0.19646306346773715 0.7775258509086699 -0.737317757066871 0.0974334873173355 0.8561288631038316 -0.4240990844390798 0.7736004165398181 -0.22174292227895998 -0.35282680943522604 -1.0421749596316114 0.04569691846439994
0.6155406888658136 -0.4681924613379258 0.8483949085113822 0.41701077684610455 -0.4787988136612647 0.02689996900696493 1.3559174419198916 0.05341415957416052 -0.697179984281984 -0.14325509692529353 0.7240459647370139 -0.1976876104230241 -0.06207299928213334 -0.5530709892770518 -0.036252212459345144 -0.537606963204581 1.2939560957667466 1.0528067643687846 -0.4813127816465536 0.19608839868844416 -0.28376079449032754 -0.8513005484748797 0.039351305253943064 0.8030292480564761 0.7050081049191973 -0.25212083981416955 0.07179381293077498 -0.5263401874320814 -0.03794696877841299 0.20399234190908286 0.6131088248043683 -0.40179559327048386 0.025772080570654134 -0.7560300565948203 -0.6495268957823196 0.2320678850404148 0.28187147198173085 0.7839223141001036 0.8246635795703807 0.23943965224154137 -0.3563764878021444 -0.18630043708866728 -0.6996591517924432 0.4089157620545004 -0.682710970680288 -0.7694725157830962 1.1344353610450426 0.1628651698654058 0.6683727262381709 0.6699391258614406 0.6213181856763741 0.012726066215763426 -0.9402113764275497 -0.34878633042727863 0.37306226911030477 0.02016812980870274 0.2398230314403551 0.51919257338162 -0.0987092806676907 -0.6819695627912632 0.3988879581151576 -1.0532589191005097 1.0605398384005995 -0.15885266320801045
0.8621381048339392 0.23501141605243778 0.7168829686881875 0.5900056575368056 -0.5085081079273058 0.26757367330123294 -0.06308185203037596 0.5244291295060518 -0.6158758676505993 -0.3077464419148041 -0.039793480686204925 -0.055655841672126796 0.5015784245059874 0.7462989862858981 -1.1961055727818128 -0.6308884217334941 -0.6436904919773365 -0.3341909820114436 -0.7404833745476456 -1.0208801344560239 0.0341540973109608 -0.8468552286818092 0.5598764293786432 0.3276396229916054 -0.1695937036722366 0.02087427658772652 -0.9637409550961512 -0.5661010694227919 0.6887702583061438 -0.05343193358303277 0.18938080571869195 0.5658619115083421 1.2431738045776306 -0.2925509630603984 0.6592285337984611 -0.7737186419201675 0.4174197737613067 1.3283359456699304 -0.34025286773466545 -0.12359654250589909 -0.5294915204257096 0.9316200590284571 -0.5758262316221966 0.7069405887681304 -0.04106275914257391 0.7189903001487391 -0.9124871693392699 0.1900162960009849 -0.6618154067931924 0.4211871697914284 -0.43746330058948996 -0.3781710879833703 -0.364772948567135 -0.3351587306774772 0.28254217131229287 -0.07677906601672091 0.2533066096373716 -0.024795227767681248 -0.5536437373185196 0.29004782813086466 -1.029967637757405 -0.7183326945909162 -0.8558142608595251 -0.9795843943264125
-0.3760539935549481 -0.5446908328783874 0.3105278456592023 0.5563902907359697 0.7357123504550804 0.854146689917941 0.7806738877111217 0.24524354121586842 0.4266127956932782 0.5390117723870756 -0.5155153541234689 1.0063249021563982 -0.6048774951964412 0.3983608371023241 0.5640863973904807 0.7628052260954055 -0.6400849571681018 -0.9231490512486246 0.25576764439133615 -0.15386247835687736 0.6446368478053455 0.9069006676363445 -0.5618649877379248 -0.17062614912214122 1.0797597020555252 -0.8368176336888312 -0.26168378434535305 -0.24015741593297316 0.7285235675407521 0.7551455075720352 -0.30487382560132287 0.11390851709761717 -0.1322727701902179 0.5118854802606755 0.7684315576254207 0.975705735602773 0.7921195016235761 0.022561146242111314 0.04038632794874695 0.6153191807370401 -0.5915746854246313 -0.12165331617985325 -0.9528396121034 0.2709939606089516 0.2807731230440086 -0.24931273210019858 0.31142033845198375 0.43090814612275324 -0.8457688106597199 0.008533526380429363 0.14756234627735954 -0.06338901881549051 0.5146761228123646 0.7407457057594378 0.5550423811422358 0.34561893939250765 0.7280401210326315 -0.17841506378671687 -0.5585948674517054 -0.044700877192827844 -0.09067123065756791 -0.8510843619907984 0.8406775547958703 -0.03670362059710545
0.47677576683714057 1.0329381691740738 0.9692928859992012 0.6160250265448656 -0.8055077503268782 -0.7863446347801839 -0.018975748171848474 0.3436030826999167 0.46000529369214604 -0.22620458596041007 0.20362503425809877 0.6780374238312348 0.4738606866408237 0.6619358989981136 0.27980206075181424 0.0603949410174128 0.031388185046189454 0.5183066563959855 0.3411912104797301 0.7889571563609252 -0.370917880555826 0.864841179602392 -0.801531947354781 0.399372082621796 -0.7391632853354596 0.16236347670072165 -0.6412108185353952 0.4043696215872292 0.6833875091710673 0.38143582157621314 0.229104865915845 -0.7326291965998071 0.6537544117551064 0.3369870981442386 -0.04994825422672844 -0.7495833364481908 0.7237789567718931 -0.3743152819763551 -0.2829058743248192 0.9536384432673004 1.056223469213945 0.49624912457451764 0.7791907854114746 0.4497625098528095 -0.0669600714029588 0.919874441462683 0.25748042452306535 0.3734067525174708 -0.10813315936913713 0.6925473811746323 0.2886915539987301 0.5270496350696595 0.1677439892613385 -0.3333559040288944 -0.06262873766135732 -0.08119360142821307 -0.9061284325353041 -0.04996734981174399 0.8262288798909295 -0.6539026237128513 0.48788734648624554 -0.30279804316977404 0.39414533237931565 -0.1202456317242078
-0.24314618214223552 -0.15277816362532387 0.5621070267636412 -0.8817903313093451 -0.7760069993605647 -1.0672017878690299 -1.6010646126722365 -0.31962328821211644 -0.242691372133121 1.1335819490524168 -0.19392795903010637 -0.7898445816388472 -0.8770494497135729 -0.7439239028231869 0.6933447640910602 -0.5192956269925189 0.2756625272805839 -0.3405044892805783 0.3420307982301025 0.8002547896260418 -0.022733839203952992 -0.6882607815421699 -0.11636782182671297 0.8941774220908297 -0.6579190502582667 0.05888812341028249 -0.4824196969523448 0.33651597998902566 -1.1150463533227817 -0.8507611988226677 -0.1321088658566078 0.11607618061871901 0.3280531579903838 -0.05808313444849564 0.21864073926972094 0.6806247144232881 -0.855922264945145 0.36828750826487777 -0.0077850696004118525 0.20848934324762872 0.39954495498021786 -0.7112808304653536 0.35659797190600445 0.37934871219007027 -0.578308699584868 0.7977675673987608 0.1828857977351761 0.17568796206900236 0.42218417933068875 -0.958848630274705 -0.5526130648999149 0.19449894135149903 0.606336152633532 1.0141084551340815 0.8985256857565203 0.7123632047253466 -0.0013492568381282936 -0.8780935521876216 -0.5245877370460311 0.3462515187969813 -0.08932020519920365 0.5993990714107887 -0.7521985523689966 -0.5766125580685161
-0.8474737248122074 -0.747638997102326 0.46863861900775916 -0.46843515231731847 0.7665265947566298 -0.4293604899796433 -0.745196659041257 -0.9625758527121165 -0.9944133118078444 0.8458511206802664 -0.5868746417391946 0.6527012577310518 0.9954540565784695 0.45800151095875163 0.3031968517965784 -0.2459826718508792 -0.929809795948606 -0.9584918364094821 -0.7071940855990347 0.2781850874688895 -0.8039338344749595 0.06324381353002084 0.33548256549012573 -0.21380599611049642 -0.34616348448049844 -0.3811048136448774 0.31876817097440213 0.7704134480526216 0.5918103903458548 0.6883226097175934 -0.17940616500148462 0.1796808527978783 0.6061083914069415 0.0805195905796831 -0.8578225693947338 -0.7978356201853437 -0.8969551506574955 0.34389652185778374 -0.6545127792781836 -0.6129812637358905 -0.3072584232490846 0.874727397782561 0.03304631188208723 0.6056003289880043 0.050749280075670526 -0.6088971846294615 0.8328722018354631 -0.36606194295572475 0.06060821555898607 0.28377011258651824 -0.5697197993710119 -0.9764232308039975 -0.927795189776704 0.21394264476799185 0.05604057500971258 -0.6937859426751588 0.1001445927041789 -0.9037468278881238 -0.6691575071872453 0.451501956457768 0.19608128565517335 -0.6195546527839016 -0.13287374523902495 -0.5171665573714119
-0.4897307098186357 0.013865058295633432 -0.09995526903748493 -0.009206087414444276 0.22901064468390012 0.1395793381361374 -0.7909329493123431 0.3731057069720155 0.5788329612984903 -0.14433571121810332 0.5008093553549784 -0.3057669647471246 1.5059931880080248 0.10933867309950362 -0.2970633069366576 -0.38810293236307875 0.08609452286870473 -0.7056596912999873 -0.5673458840936507 -0.41045477018600596 -0.1872877514820062 -0.8839068224175 -0.9655262026181426 1.4735647759759447 0.5868465048412737 -0.5892102801675152 0.6338202172861703 0.16412031952062384 -0.3121083363582427 0.15061354562871349 -0.00554173358723232 0.8216718804266302 -0.7134540191288363 -0.5277641724544724 0.7338794658622679 1.2222099588647741 -0.5023929664980866 0.5496460545299406 -0.09459893277163574 0.6172210211358972 -0.732981269091508 1.3151025812429402 -0.6532917512971458 0.11170794023553468 0.6297821922261646 0.47726682159216377 0.0989909155225364 -0.11955409727789741 -0.22656178800997884 0.3680661756277658 1.2590914905851525 -0.17824200034982074 0.0052780548844980815 -0.24670797707036632 -0.13406634547487756 -0.5719457858507679 0.4300040087037092 -0.5307376625176853 -0.037860692326503444 0.06784443411897421 -0.7527311612711258 -1.1566632045206144 0.5823429009766087 -0.5816079264571564
-0.575300333291906 -0.6953829799830856 0.562351643108977 0.5919501295189862 0.4197322647396882 -0.07231058672465968 -0.24841231780063439 0.32246941239637283 0.3819491551674242 0.4311564939623295 1.4257678960932227 0.20410358691342073 0.025006653742860655 -0.39932604114726394 0.1507317369889758 0.5394457117394191 -0.5890725124222459 0.3737693564014922 0.49088312900489284 0.1910548170885468 -0.26942752844731593 0.09523874137195773 0.5965075304051674 0.4482113398059751 0.7734721155271284 0.8262075014322817 1.239169045104839 0.47161328525369517 -0.7722592142897153 0.573197859573326 1.2916658517699857 -0.18201220569332072 0.26506054866903506 0.6929617472203462 -0.2605179213642042 0.17279990139426218 0.5016476579959491 -0.588679940547066 -0.6633834977501386 0.5909755736279427 0.6768263798882274 0.09162510516452176 -0.7411698289332314 0.648106810532067 0.6624149435296568 0.5722470153724035 0.9558934030611254 0.2667785928787918 0.10952498901148626 -0.5200427976846088 -0.42891831726010193 0.5983015948508983 -0.18682592582605878 -0.7693866902774926 -0.7947827500154505 -0.7892413956901608 -1.2388400139722264 -0.7490727427019689 0.6839462507837101 -0.5366544909931708 -0.5693130444268175 -0.7740286741225679 0.18124792273190457 0.28950670289876734
0.05540369451152549 0.35064085755293356 -0.7870863057276218 0.5600980637464398 -0.5307999253845955 -0.8758541583237679 -0.4059937385611127 1.1068499345513594 0.4866100676354165 -0.1403887538364645 -0.7536551697340313 -0.28798814320572813 0.5078883797920183 0.21907285306439025 0.15724298416039986 1.0923775125889505 -0.5213804967890978 -0.5970232708387426 0.40610423769995685 0.5195206102353085 -1.001874206696698 0.7050312256295307 -0.025259966471417046 -0.7542317437653123 -0.6981200294122201 0.14134764255293356 0.19980022419981613 0.9672770623966551 -0.8062536915292524 -0.43017671708058963 0.14818660135301845 -0.4444110260794924 -1.0973745981646814 0.6956062776319953 -0.8377519657780715 -0.9570446019474602 -0.6707107544241077 -0.29667665951143074 0.6122472177897557 0.6570853034875869 0.47776332231433694 -0.12688323182147757 -0.27040413016470527 -0.44841437513647986 -0.009853937296840398 -0.7360569247418405 0.10124618094482246 0.0001717940120249638 0.02906306236814308 -0.7676947008784545 -0.7516705346747358 -0.43143688380272854 -0.3101443970865498 1.010037956054069 -0.6345656481738308 -0.41026038840107115 0.6588356942704463 0.10918704249056249 0.9193032817835485 -0.3945084481759883 -0.18812524280106405 -0.8817193118830869 0.15719009633318426 -0.44401887237751125
-0.43946301969930307 -0.5459779232527446 -0.2734822169829607 0.6900988709046411 -0.1560467084610075 -0.7005866750715004 -0.3325809838897106 -1.2244308741359664 0.7653942324288872 0.26721371367348307 -0.11776818632110488 -0.2159591694180941 -0.6691975234493736 -0.5744626472733043 -1.0992714249645152 0.6355413209113769 0.23112204900635078 0.5338607732643584 0.32541078057866735 0.14524925118189258 -0.9293531017445166 -0.5568663893227889 1.1233880729301717 -0.33664117601520205 0.34762975161999493 0.34409601534695844 -0.3739754273197281 0.18892414386337297 -0.5495905699055735 -1.2566857336289314 0.09255396380648338 0.18233127859736412 0.08215469405540488 -0.6599618892517525 0.6250276562522884 0.9238568593578776 0.9344046369403517 -0.3194572117508227 0.5966921694580661 0.49948817429664705 -1.0014657707855752 0.43569155541276333 -0.07820502440277483 1.095641384696616 0.2261085411322388 0.5011242497686295 -1.264762244044644 -0.2401628355226909 -0.7060557316729651 -0.5564344302506835 0.7873665012978593 -0.3264171425014729 -1.2085525801073689 0.7880008143858076 1.0295012528188858 0.6459563776407735 -0.9233195790643925 -0.7740373241175538 -0.9511235713774074 0.2514034840274655 0.8660173843456781 0.049939970405828135 -0.5434486830375131 -1.1042604419828934
0.47231947867594315 -0.8300728250876415 -0.3788673756652204 -0.19955988662053165 -0.6324244580612454 0.7429803712223483 0.22783093049387154 0.5654536093102432 0.4061519939286395 -1.1497499213961038 -0.5118842169256749 -0.8068466190573044 0.4454374384825391 0.3984730167515992 1.622427905784639 -0.9658907279231812 -0.6407652418342817 -0.3280123570889605 0.21686595989924665 0.9921103052777053 0.5869231675560322 -0.4217126666209526 -0.968009576114536 -1.1683262946366626 -0.644536456596248 0.43050993605150634 -1.0635488413394372 -0.635581176172773 0.2813530011288182 0.630530590642813 0.2337696623725643 -0.25087447823193365 -0.4862962479471571 -0.3907055778027981 0.7128485503900625 0.406173320755065 0.4731394555584652 -0.7967748046478854 -0.13926854245040812 0.7456099049777949 -0.2798611421718704 0.007554477467675045 -0.602203125671257 -0.598160371739261 0.3507410678667273 0.5380515452245024 -0.3642320053756185 0.13574031544727685 0.4192660382185447 0.46328745448023045 -0.4194088992408348 -0.19078485171832188 0.6806307854429161 -0.2728432652479424 -0.37377058364193555 -0.2584068248218963 -0.5739279654723617 0.3645477400286054 0.5403994488441591 0.5399617808439595 -0.17153570967611548 0.813838111271422 -0.301444073852341 -0.22105321561014143
0.7385101092463988 -0.2319386693771604 0.9792801883288595 -0.5263228205115082 -0.9659677897900212 -0.37573545160882726 -0.9382408803530807 0.06447002032560717 -0.10855812074269408 0.1679053235736287 -0.4722554560338963 -0.8120115763267014 0.11895251832920754 0.9235795659203423 -0.11339803612479701 0.1610493860153233 -0.8819018993762543 0.6053766823596546 0.764382533623654 -0.40160232960038333 0.9173150726016918 -0.4737410122994778 -0.38478071344801507 0.6985281880446277 0.45100812676836405 0.07683775974210953 -0.48597580257328593 -0.5329643730336447 0.8177674844453041 0.14790785745790905 -0.7747580844606963 0.3320510734629599 0.41633245980229605 0.4261214214686946 0.29969364016009636 0.7544245474606907 0.7329666576944275 0.8728811969146678 -0.09233125287054592 0.5933581053516229 0.7508823662141946 0.49460403840751516 -0.248993355346252 -0.5665371704806274 0.34857989597085265 0.3666586087845297 0.8719234008044849 0.05385106997895435 -0.5016624810869064 0.20913478253070797 0.4442212999203255 0.6862762732134651 -0.4375728119195676 0.01304723116497986 0.5870283174781389 0.9186412726942925 0.7301646642738137 0.5278441641705641 0.568722604330742 -0.8197748135565737 0.7111409088772251 0.879815193162477 0.3877077210884254 0.5864976678836844
0.1388637730702586 0.6885585205992901 -0.7534134523947932 -0.2865524405964104 -0.22985415717777755 -0.6518736645527459 -0.3164714403032205 0.6487203438557532 -0.9827584813690978 -0.13091158883518028 -0.7553447798885505 -0.3575419072425946 0.7304845308206083 0.8845461177154987 -1.0656457120689484 0.9508638679573984 0.040233145946838855 -0.9267599509745398 0.19462522924969047 0.16400994507768768 -0.16901304507862966 0.6936316705748353 0.5848113699534724 1.0154512518296892 -0.3041798636238732 0.6635272842809725 0.3885598439786622 0.7586338838061841 -0.013404698232458535 0.8106699537486698 -0.140092432410473 -0.8871551963565439 -0.3040361312674855 -0.46058386394738804 -0.10912228874764492 -0.42661143668536633 0.8043171831793097 0.7480219868928932 0.4828622656703238 -0.07615091770376982 -0.28540991186119613 0.4395268777180602 -0.5248255260230777 -0.4227005281288513 1.155364858828501 -0.12653433669099853 -0.9382592464412407 0.15524079435077653 -0.7549634497684572 -0.5612897327750338 0.6185100788860353 -0.23709008005412638 -0.6534337449197347 -0.8373917619405091 -0.7558670228930324 -0.643072480914087 -0.5758958542377652 -0.00792596459827986 -0.9373701481482051 -0.2026985553150643 0.4003070565453161 0.4024642221732534 -0.017746206931756422 0.8874780153630744
-0.6097900989894928 -0.5306889109876848 0.4179467857486582 -0.39230910233310984 0.27112632846220197 0.5354517473590918 -0.06940185894815952 -0.9536363133357412 -0.4125831001382998 -0.06842140074205776 -1.0095754942443087 0.36403877506041293 0.5142051520317478 0.45742066760578814 -0.0717941932152775 -0.47373776660495426 0.14423999278791713 0.9720786031662609 -0.3513291129333234 -0.2529565655842639 -0.2808378105305707 -0.5644045886399015 -0.6042615006714537 0.5163671696569432 -0.07428891508529448 0.7233623423709948 -0.08708978955565676 -0.23686880217840078 -1.2588072826632912 0.3072100089931637 -0.5968360104830092 -0.23988515149118317 0.4223186282330099 0.1410393750404822 1.2199840884987367 -0.695998660844287 -0.8117256366314733 -0.47953566794907093 0.430635461095744 -0.7237683673297217 0.8012748143149396 0.5072418586492177 -1.014520866466498 -0.31338566992977357 -0.9701559945323872 -0.5154918360047379 -0.3676600207754294 -0.7543256366958829 0.48448957589670716 1.6550930205164098 0.5877716465106786 0.9364583497698944 -0.5849354776544978 0.7133925575628656 0.1512910242835638 -0.6114803262374601 -0.25849631422835173 -0.3065437013353879 -0.19882200751933107 -0.7019359922279953 -1.4230564778844248 0.3907043828487239 0.053509133624916716 0.45763246828715104
0.09685562894671529 0.3588109643939697 0.1295813067733752 0.10438564251245466 0.4271097565725549 0.4640034857743611 -0.2506053725948234 -0.1441557443994253 0.8802760462947301 0.9118377076688302 -0.22306223561026225 1.0731511392114876 0.5524221358639508 -0.8672220576880632 -0.017389872764177954 -0.2247828534365495 0.012569717393331082 -0.25784963293659907 1.226298588661164 0.30692119755821834 -0.47586816754297123 -0.2888329867800884 0.22772304010540442 0.4818750226916526 -0.6646076057108041 -0.3236048719333379 0.4925752314478721 -0.1768696772656904 -0.335870055713673 0.48684192459281045 0.5938196395012207 0.1380403583894612 -0.8795544970932234 -0.3346314907352431 -0.7048608239320058 0.7816281905367258 -0.806300128062413 -1.081045907891167 0.7987521938206537 0.9574842099028253 -0.43973406918956576 0.21717340298142854 -0.5758968793951478 -0.3358479474853478 -0.7829006003093992 0.8859440649034079 0.4806187630733044 1.0644149168304264 1.018530288721495 0.6346244342035593 -0.059912448310347616 0.7592599916970995 -0.8859278697637345 0.17786035771030453 0.7489549342870899 -0.03074018547990995 -0.6141782954146698 0.6194984792507252 -0.03687061971917274 -0.17432958289697884 -0.16374621848681434 0.7822537707985993 -0.70680147062746 -0.13618870685863718
0.8161081566799884 0.02190963022088201 1.0892465277614687 0.9322042005276875 -0.38930531692955717 0.6255916023799124 -0.7606655157728445 -0.8393597464442432 1.0535579378330842 0.8561947932363925 -1.0350920220226902 0.6220228462808738 -0.9194808183395207 -0.2978309929318227 0.6324996054553764 0.0015464498389615728 -0.3020740650892615 -0.4894784947085307 -0.5686565698858146 -0.6805934791506305 0.8479684931073793 0.7747730030714653 0.3185456112924502 0.7424267776700855 0.37269871191017945 -0.26336944979173027 -0.4672328801988045 0.5603713643179659 -0.39086220856175674 0.7455030277602872 -0.8816212558923632 0.40452721059632996 -0.17506863222738622 0.6833781551144762 0.2573176155766981 -0.7260946393215107 0.26258697640103473 0.6473645196490116 0.2680330507789034 0.7752781878806806 0.30244942827535937 -1.0010481894087073 -0.3418489469443236 -0.07575300753421947 -0.5541512332855165 -0.2561435633627863 0.0989021942215362 -0.33918655688073196 -0.4991784153284301 -0.9930823503785638 0.11248858930337025 0.7188793498230293 0.1529525159367871 -0.6777836141291194 1.0268680071360186 -0.22316922031579745 0.40815028114946844 -0.5022025050541767 -0.8711587660455581 -0.23359310918844076 -0.3467435888714376 0.6679469898558636 -0.004143851852726076 0.26930322021189884
-0.999461028998977 -0.7947988515393781 -0.11644688272579143 0.15222404850082624 0.6518368289221991 -0.6102025445485283 -0.608791015390302 -0.04470389806279986 0.30058758553575066 0.8749955345229186 -0.48068308266396287 0.04419644395435306 -0.356383495670809 -0.34194048893106704 -0.014213759130806223 -0.07255361913615889 -0.5022925602529121 0.4660826314069945 -0.09948677576965954 -0.12118079952266085 -0.29339631097288155 0.12068237207874441 0.018932481366407905 0.8924867596038547 0.8529511866546147 0.8584960836241251 0.9008295936697841 0.08053923504574817 0.5646806150779342 -0.305237271025995 0.2768070227857152 -0.6874798546212808 0.06195916349633399 -0.9505093239143063 -0.1780326892601093 -0.06214224852826313 -0.023675140395542117 -0.3938641383960857 -0.15989399020797565 -0.626235537996249 0.23372331078395162 1.041405028361455 0.6738056047401798 0.8339423500253628 -0.47529419592886935 -0.6873974299416576 0.5279100407968706 -0.8188580032761462 -0.2576597525132087 0.6870774892609474 -0.23517832859762047 -0.5894218866053054 -0.7201782099620596 -0.3976940222895924 0.6158367314773685 0.5329381068038674 -0.20021978443918914 -0.3696017420712529 0.550208761613752 0.0007030663921688367 -1.142603606491422 -0.035669935669981875 -0.9126649746306197 0.3902567543858274
1.3892907982776024 0.20395519996839287 -0.11773192557634578 0.31925139576334766 -0.6095960469820655 0.1826482289821762 0.6337481090286856 0.2185606192071663 0.22066656715088862 -0.9603676707578834 0.5292718430053728 -0.34035221610551813 -1.0111507991990696 -0.06261874310653619 -0.25628299261027554 -0.492145461889676 -0.4831947963596083 0.15585148761285342 -0.6465943119755819 0.6778938120833207 -0.2259494076562457 -0.8077474222587127 -0.47664683973765926 0.5611944352588731 0.25091520969088155 -0.19399472175232607 -1.1243018092519845 0.9259618327596576 0.22036572692790674 -0.41276764504136854 -0.4009511634567009 -0.5517374589464357 0.4081127966692206 0.4672228080853651 -0.9071701949556681 -0.1798677945614469 0.5102886943328936 0.013319667648282999 0.1137791675117216 -0.9542553010580651 -0.7545017555571454 -0.7619688228697642 -0.42134619921897715 -0.27649512542966 -0.00748933257794076 -1.0401131936644448 -0.6499721423977314 1.2842100252808148 -0.13014742406781865 -0.6634330287869135 -1.3548950229583125 0.5142216434143884 0.5752078297755084 -0.22298960232353718 1.148399917826654 -0.12770671857729007 1.1234695408807946 0.10096618823985984 -0.4429912345666788 -0.5098664296377463 0.6427448614227428 0.47324530370456275 0.42837181090772003 -0.5341943766530313
0.09561416709554581 0.6170561154325371 -0.8511386927343594 1.0119221167586114 -0.3732939158810734 -1.0213285154362042 -0.1416827664850859 0.6939915281993059 -0.38738359320568533 -0.3090221744533543 0.2685581185067758 0.11274843592433045 -0.24680376824529088 -0.09426433196881742 -0.364205471797556 0.31394727168318015 -0.7055129583171545 0.7318069171934639 0.53499735540292 0.09637861931099091 0.4457248071424285 -1.7133936150947076 -0.34465390400931145 0.4738155754644033 -0.038290662510545345 0.6513431840510253 0.2140817304040685 0.5718547677292515 -0.37930821549296406 0.6890994770415098 0.06038301087738839 -0.8611014695390297 -0.6150346622555162 0.7810923914649508 0.9040764315244058 0.1993869690420426 0.37699269542218533 1.352167971481739 -0.9324177071020163 -0.12449853716171756 -0.6413268927209442 -0.08951903075088866 -0.3130988776519178 0.13331922625651013 0.6017138866880349 -0.9576729309598371 0.5093936702176761 0.08182017411271103 0.936110985903068 0.7063262895159472 0.3057699952980399 -1.28826803071789 1.2272686384880185 0.4511908640099634 -0.5339251395809073 0.12199779510679228 -0.018952282266201062 0.0479700931414585 0.027219361539286682 0.2906634427595018 -0.750007491070672 -0.4907172981184373 0.4511116605118529 0.2459772458703938
-0.1288398014242945 -0.4872401147929567 -0.36612931915777086 -0.1578555414395763 -1.2538909623398538 -0.4870312100880669 0.05306887192968514 -0.039023515014168786 -0.4436261689570882 -1.0907212503709574 -0.6257802363966625 0.20422793345242285 1.0695109714407547 0.10837667525921778 -1.112154761817322 -0.34004637813811694 0.2513855703307107 0.3222863382887911 0.01203009377319232 -0.784148778486258 0.8899079323081033 0.49714124631583667 -0.49825933612549145 -0.2592547169008106 -0.32933563214266 -1.0591301096086767 -0.10050878594403811 -0.055616907013538254 0.2499109788216035 -0.4297671718019174 -0.6889440187741134 1.10416485089465 1.5943945038638152 -0.8407860278947765 -0.5533365593703621 0.4757073807936917 0.06713021126058395 0.023465763480280715 -0.40528206662442423 0.05401580490603884 0.7064460532288939 0.2998635197244027 0.9229903184409456 -0.7190639429548533 -1.224760361157519 0.30404243457589664 -0.4769380118395232 -0.6127805338135393 -0.16229618652959796 -0.6099795015737965 -0.360419711974769 1.0599345557402828 1.4743658028740514 0.5301951621414308 -0.7156286007881046 -0.6842761613409425 0.7039240475001792 0.6638080305423543 0.9590258079182374 -0.6040440669806246 -0.10897689970859316 -0.1823095500614488 0.7507365249042242 0.6534881868930213
-0.22417114639058947 -0.12090803239503882 -0.3546914168286498 0.0035797360311717354 -0.24026053466917943 0.9510410864674551 0.4804877772665032 0.251240813843572 0.9142100717639163 -0.093590907094528 1.0309262650869493 -0.35086431729660417 -0.24341478342468964 -0.32308714213484974 0.22824783348428046 -0.16471623985924128 -0.060057079589493516 1.1613451413535245 -0.6706665281979812 -0.2610881611312176 -0.21028841998750816 1.380942043066891 0.06243148159867418 -1.003430331921177 0.13141682774325172 -0.979574461960752 1.0029828915166832 0.21920445734026328 0.4153645421051636 0.31392389778083685 -1.2007351857797084 0.038131643982077724 0.667709901159799 0.6821611057080966 0.7427635841426548 0.7482298785320288 -0.027483966307052934 -1.0716389054127993 0.48496840378431705 0.8618433175430484 -0.1663722876798986 -0.3944836683729784 -0.6822496432424784 -0.5696856731090381 -0.5286348481115792 -0.048997223245815874 -0.30594345205038875 -1.0898772824457998 -0.8279581629938648 0.8221368948755806 -0.7678254724734928 0.8084908755138326 0.34021120926169823 -0.8221734803818602 -0.887064591769956 -0.8286413651143917 0.3513909988867431 -0.7391735248464356 -0.6846978296690258 0.21945119342768826 -0.22376433753158806 0.2982482941933755 1.164203337841694 0.3256431946566919
1.157442627352311 0.9541450462251223 -0.7134807902984807 0.7423006075763923 0.443243256126329 -1.1150656225145683 0.3262756039110496 0.5119379034133166 -0.4037903782397419 1.192511231531731 0.3147680825451106 0.09026325513453991 -0.4857362073578315 -0.42792032578528855 -0.4557083142691308 0.012021986149230751 -1.0215568527257357 -0.5484990039181881 -0.2583874240500608 -0.816019968601843 0.7018247595013433 0.16978971381795768 0.925248097556978 1.3709188309855618 -0.3454739449032274 -0.8713442744309563 0.3362781028918303 0.8727992067990495 -0.17770851392489134 0.0315008898124472 -0.005595159129004359 0.24155979618017928 0.9608262646005864 -0.4650321986139458 -0.7939511292801011 -0.1880866425085457 -0.7027461495836214 -0.3204145625764283 -0.3608335048124593 0.3158191793637279 -0.10940784960021303 -0.2696765312161797 0.23438168480136123 0.1587241039390016 -0.9919699261337322 -0.05402805121217653 0.9048020374410654 0.6502455584529457 0.5076690394637843 -0.5149980000245737 0.5611964016456283 1.0882511337406053 -0.28087356404524705 -0.9388278830860247 1.071406736291772 -0.4704295511366077 0.5110529061202906 -1.023555563114496 0.26911781173524113 -0.55945513888455 0.4344887596649427 -0.6666054650819049 0.1596300294974255 -0.1541785900343407
-0.5208505855508405 0.6859222584764535 -0.8069017520995321 -0.3906858923733737 0.7092899100011225 -1.1169438683150625 0.088263781180635 0.9448086900284721 0.6533704144939804 -0.2574949794368767 -0.43619954886976026 0.46497661147957997 0.11922162081934896 0.4499795350707851 0.030397557167445403 -0.7466773352473802 -0.17582940377294368 -0.655785151764252 0.28275274482111307 -0.8297800459431101 0.5234855858373851 0.07305081027933213 -0.07663418432627382 -0.9202333030699876 0.7322362044092623 0.4006309732855312 -0.010668409280393242 0.18709931899434382 0.2234073072648372 0.24993049267894202 -0.7909581313064388 -0.5420928881711357 0.5838876476738615 0.22487735075699475 0.3683501422935346 -0.7399422984488467 0.3810182759371137 1.0347501511613177 -0.6801308371390213 -0.06735990028387433 0.30935100570217194 -0.04641803179082893 0.5081372843274559 -0.7612121545047437 -0.4293140173233802 0.27494207609849897 -0.33584143490776686 0.741948795394628 0.5182365294528523 -0.7064995386110835 0.7750046277758816 -0.4504107272303474 0.6524264846844037 -0.02142935762936839 0.797765502151666 0.19772571268017208 -0.1473515049469988 -0.5052837821137355 0.3427258114952429 -0.8337476571195062 0.4552423933370855 -0.4540782427318025 0.029386624687216333 0.4192216103035503
0.6117939061519471 -0.7682441822103804 0.5863165236975765 0.6543220145128588 0.8809756755757694 -1.4074639258729185 0.05059604604884741 -0.6481173859449032 0.9906562207587292 -1.069469430911672 -1.3665384711833215 -0.9650496782091337 -0.3330627825317448 0.8899634583973141 -0.2623247059564611 -0.06197351032139919 -0.17982121943144894 -0.5873314733344115 0.9890982517103363 1.2227143397358682 -0.2344470929436234 0.4227081510575118 -0.7054075095633148 -0.15970395632221085 0.2588191395347958 -0.33447533297091864 0.3291992363389426 1.050872095440938 -0.6669904345617357 0.5481657258650035 -0.00931278557341498 -0.22876621827779672 -0.4171091584781518 0.33085743513975474 0.4660621843919699 -0.07885838131071722 1.5638199474944328 -1.070974970653464 -0.23582276663565996 -0.23684602041409314 0.9769012762560497 -0.51072847622377 -0.29638292377956443 -0.3988106164300266 0.0944652362879434 -0.3765115416580673 -0.16368405574951966 1.2655427753532418 -0.9659642609477119 -0.2561914936758671 0.4616735251470029 -0.03706500627174887 -0.8506591344309323 0.16580830655605505 -0.08574226976581267 -0.9884738946393166 0.9401023643151194 -0.45262738429037114 0.27987830889158344 -0.27982544997790154 0.47810035651361565 -1.0282979611694625 -0.24581781993861943 -0.09518874596343946
-0.43621349877181914 0.3766330471457555 0.8004454707647197 0.7966197187925197 0.8700177882959514 0.8306088528025639 0.26302773298830934 0.6111608079857372 -1.0400375193145859 -0.13834391619569775 0.8895644702632386 0.41624842747349283 0.6774588147831914 -0.887185635545558 0.14065834560451232 0.3203939694614416 -0.3197281245055778 -0.41945570538241345 0.011064034045805004 -0.44169585045565607 0.03332685047116836 -0.9205639813177194 0.7115794749573285 0.2670726901168659 -0.4702070168433847 0.47699198788190156 0.9750236246617983 -0.49322311253377726 -0.0881861991018106 0.8523871081691178 0.6803974321097431 0.7585962922099614 0.5220627392109933 1.1985420343042579 -0.888704581212519 -0.7165395365500976 0.6168439008460084 -1.1068168690010078 0.9024434938734067 -0.4983489386945826 -0.18101327313177434 0.6092496072760318 0.6145880635488128 0.09615251677506431 0.2883243746016776 -0.2806277993327556 1.0756963951513316 0.019110526656887266 0.3542836979520093 0.8083163727147564 0.3449097174208622 -0.17315049809271835 0.09417552815053319 0.28543438875664356 -0.024233312777656675 -1.0953544192947455 -0.7870860335838398 0.1635747193533033 -0.03136354491818118 0.20547030090110838 -0.7017959724698049 0.9567797728154003 0.3951927228216317 -0.34075923032133615
-0.13348839644376123 -0.529744114212472 0.8555929123942653 -0.028199621394101638 -0.11940009191761672 0.8290721834505815 0.9089441061226808 -0.39177814214688267 -0.7728487444255853 -0.6431558589639326 -0.2227342296648953 -0.8514803795926842 0.9748183621398896 1.2899523299200504 0.3171078471920418 -0.1981111524510673 1.5382941846637288 0.4799546363051525 -0.17560610517308772 0.6092012841637989 0.3114233209394924 0.09112818932822495 -0.2239643231440676 0.9354791936272261 -1.3321262056319618 -1.288717912875536 0.26711373571460256 0.5694843940807788 0.3461771442145164 -0.015459285490584623 0.8115545473967707 -0.6161442352260735 -0.9793500603908032 0.22154593738945397 0.21490031796328088 -0.397492321401368 0.2986736451511184 0.21556330031431498 -0.6732903322169005 -0.5425325524966813 0.38746215810451173 -0.4815006750077012 -0.21897372894999595 -1.1604745954057691 0.09104136341760523 -0.9429602712493111 0.09347738890493035 0.4772365707573423 0.02279725694756516 1.1395033349767556 0.21967636916891117 0.19591065408827554 -0.7439448610759488 -0.10646330201573001 0.9183632006784789 0.21130945765214143 -0.4217334551256027 -0.4432399766561523 0.26606236694445323 0.333965046015788 -0.6888295514610537 0.407496690373779 -1.183331332505362 0.8398302366275963
0.36954420043056635 0.7319462471259914 -0.0653835666490602 0.24393888337407849 -0.21401892506400735 -0.26630588274481093 -1.4021550542959063 -0.9007170090203281 -1.0410596580707057 -0.6150783420059813 -0.30794201954447614 0.09986183773568287 0.8297451239683481 0.6720171464228942 -0.12766121475973505 0.8897331375498363 -0.2790926095320527 -0.7423434946141412 -0.48853656023411063 -0.07886938751530892 -0.11279675228184056 -0.21790052054387615 0.15763495892347704 -0.8397584067257651 -0.063429123490649 0.002744419789252395 0.6448744808289278 0.5478914464420729 0.5068199160429091 -0.6182923890442907 -1.0154115641971846 0.0745843929455236 0.3391316116668914 -0.857743469665862 0.7938656606583313 0.15293930970776584 -1.1597743460524546 0.6107469815006741 -0.8061962541835057 -0.2791774082044562 -0.9347623210781524 -0.9801628591120234 0.138331854557342 0.039012293676404554 -0.7005384360421918 -0.6311947433904772 -0.6625059101019115 0.5711527296954815 -0.8322723875411182 0.49062200180744997 -0.5993191835822218 1.4612743609771077 0.6995091583348227 0.3989490393801172 0.6430004268669497 -0.13730087542491562 0.946160562514197 -0.26222390776917925 0.4571614748125156 -0.7332399968789123 0.5158307675159294 -0.11199435292416701 -1.180026959034379 0.6064227206223082
-0.762414344724939 0.266656617266981 0.6678687571954973 -0.18262365648659212 1.2115187674764771 0.5990672837227369 -0.6623607637609615 -0.678135263490539 -0.7922941144868028 0.460161428609332 -0.8778319626103528 0.21783941560115064 0.2081242084887592 1.2576976140324554 0.004402490742768395 -0.049467870943451876 -0.8611030353077871 -0.17857162445769512 -0.03422766284546605 -0.588390552503057 -0.6353215859842241 -0.14183587889530153 0.7451279202538423 1.0793922497914723 0.05655939035129361 -0.8517274045132504 -0.66723518411369 -0.09130778852728785 -1.463929116517361 0.40921369218001286 1.1782056676375552 -0.6614325698902016 -0.040980143544947535 0.8052072553762395 -0.38159182201845065 -0.7988288638205053 -0.42046963680484395 -0.3750805880512386 -0.4151330916754333 -0.06818169841591364 0.253402399597018 -0.31918589949019627 0.10695021636887436 -0.8291481758553753 0.5762287707842907 -0.9536429807360515 -0.3382936948343146 0.5750803959344674 0.08573774674547388 0.968241609584727 -0.89817278878802 0.20744719099118145 -0.3662790277204355 1.4846416983306003 0.019406152378804373 0.7487035619879916 -0.3440043624028167 0.21247949087332738 0.13957960974856223 -0.583404222985795 0.3270195790130512 -0.3674897517274698 0.2924504169947448 0.9455558894153796
-0.42567075690008394 0.27662027985082144 -0.3297725151603964 0.06650761402759933 -0.6065443258882833 1.3630445509899993 0.18936247234673786 -0.35862703919421407 0.5841043763402626 0.46135111520519384 -1.4397026411544935 1.0157081865104218 0.7716789733584007 -0.45833821033599526 -0.47777369149210835 -0.8533458589979457 -0.9603998445880707 0.4633598022137325 0.14655894755457863 -0.3517789748218106 0.5466175399297318 -0.06180264745687647 0.6219359892833052 0.37527786097123905 0.5591029142712157 -0.67188924745295 -0.19805068292844952 -1.1925756186491434 0.31216300991492957 0.7410878766981663 -0.08832437432530549 1.2858558610325284 -0.1055181783854236 -0.17374787918324514 0.6343549454234823 0.6168053959597926 -0.6301269544798449 -1.1241884014766894 0.5704760203593536 -0.8992073047486422 -0.06724351080665712 0.030783096339971512 0.5039854483065325 0.3165653283888763 0.7397006303274806 0.6223980014301281 -1.245361100613479 -0.6190637807160966 0.01689768688070333 -0.183623112307275 0.7891229481279802 0.6341427967157901 -0.5069273706414914 -0.6289545526954156 0.3776852686672951 0.9347400475614073 0.07821504654259764 0.7046209775949577 -0.21837284067845097 0.458884363780805 -0.6529088399497752 -0.7511800798218911 -0.44791159899032185 -0.7785615536798289
-0.7579375788231989 1.0424753257214268 -0.8249045493613962 0.9813808743380685 0.4141867089086116 -0.574982173698426 -0.02602979247961088 0.36168509840628277 -0.4143678944650885 0.5823212218160133 -0.342799224722043 0.7398568525858127 -0.7540990738852748 -1.3381651604731823 0.5670407057748523 -0.024041989051101328 -0.9715177950354837 1.0935671759575842 0.07964185400559635 -0.3009877437986146 0.23204312819464828 -0.3958028443773046 -0.09896380856602933 -0.6751501113422166 0.4910578069529446 0.16120275009969534 0.2600210855468123 -0.00821504238290949 -0.9588039611070571 -0.2932880847280311 -0.38565008883871965 -0.1614307768634861 0.6264699468391904 0.09343016006618812 0.5290785312607509 -0.6123326473921792 1.081231632613273 -1.3472805729045152 0.8018299010796248 -0.7215417593248418 -0.004102137990274394 -0.08490438447190837 -0.09526116108504355 -0.45224648975959003 0.8681815512543378 -0.7128109485197757 -0.6317873223405253 0.11544444742832201 -0.1803108390949486 0.46053342441561174 -1.1066630990652158 1.314895282948367 0.7047264744815445 1.051363150732837 -0.23260902950388465 -0.7462793731013185 0.18132736252084455 -0.7065116850723351 0.8948003432147296 -0.3719590833215088 -0.4677279246037755 0.026905901142832638 -0.27795650290803076 -0.8481727629462776
