-0.8742715821907602 0.6056449418762938 -1.7697731226659972 -1.288257843048885 -0.17849511363847076 -0.7148846233804654 2.138731105761356 -0.3582497354122945 -1.1174482550111633 0.30222400960428975 -0.20960488385501824 1.916483685774769 -0.20889143074799976 -0.2645889373739751 -0.5857033778607392 -1.183372188446322 1.0847366915200656 0.2441178634926453 -0.4209124066508114 -0.39048047320676094 -1.5300193326216958 -2.425355033788966 -0.5089824859854327 -0.024106891658442566 -0.8825662470809017 1.5539282216530106 0.6149115389138632 -1.9251695474670345 -0.3849232657643121 0.9890455763189435 0.8927479624471389 0.6307606938435886
-1.0412801118441006 0.4376962682304265 -0.35845993664980924 0.4482848500377002 -0.5794030285188413 -0.3224206456128013 -1.0836424879026885 0.6272610046793191 2.284610642933536 -0.8855687903420659 -0.9181329502448649 -1.0124274195949705 0.6196056598898261 -0.0753945895548604 1.2460212215987725 -1.2099420974269628 -0.8967009324974462 -0.7036290912805911 -0.2204204281424255 -0.102012824616282 1.7475754245851258 1.0814398657308235 0.2234099589776148 -0.37193823782446456 -0.35217466334152425 0.9980313537122983 1.0078938055145248 -0.27295143201621125 -1.527800819176753 -1.6104512966784548 1.1612027073001046 -0.8905326412296435
0.2540182823689058 -1.2885767477539387 -0.6199793108270645 -0.6092115234822006 -0.006418087804494751 -0.29319626308666835 0.38071675614224093 0.10281546958325305 0.8798007022737833 0.5272594819205612 1.1662447376744336 0.12441430665136095 -1.8509125962036939 0.6723881749679534 2.69273849650779 -0.6675336718708781 0.51324608995833 -0.8256807228932834 0.3246615848434013 0.2520405026315261 0.7437153655810985 -1.045722411734139 -1.1094100151648976 1.390904806439386 -0.8788278926494106 1.0482030776843068 -0.38518230960287 1.600702443885413 0.5992355074526204 1.7266007003136188 -1.3613772507406277 -1.0671030605520198
-1.095890815448068 -1.6980601034073968 1.3285554529785297 -0.12990325355379162 0.5367031263652531 0.5835807410223819 -0.9698406154629244 -0.28990104657335514 -1.0303794077556672 -0.5371404502179224 -0.7369943053675061 1.8495803628248406 0.1821597837587995 0.01854348915417834 0.03160256599169387 -1.144198595164525 -1.0863790609288828 0.18079374963115039 1.0139786780678195 0.9900872046150528 0.64140468252587 -1.119309210782091 -0.43191031522281226 -1.462103509426104 1.0846865566728112 0.4247757116265762 -1.0589534030812333 1.334577599763914 -0.17391622144639562 -1.5314386551859775 -1.0632268760650139 -0.9823207044869625
1.6173068989986612 -0.7890586729009104 -0.8757709241578979 -1.0893827081757508 -0.16886108982145126 -0.34863016920118145 -0.2845432569709689 0.3187427480433343 -0.7175475016648629 -0.808142522317058 0.3567613789226853 -0.46493964470806937 -0.04355978781564788 -0.4339436076392225 -0.13299904289816486 1.8952842294249164 0.29482677653521605 -0.31935964811699996 -0.01295200276592749 -2.7600573457940003 -0.9622316889616063 1.1137339808390971 2.0519526111777715 -0.691847890969189 -0.6644031395349094 -0.4531115369532111 0.606717495531344 1.999591761364309 0.7454781271623517 -0.4079675691585944 1.3914003510510762 -1.0076730355199925
-0.3462653532293159 -1.2207774877899396 0.1124810071051054 -0.8297916945925181 0.6462489691614436 0.17450950508744761 -0.2626203105857391 -0.1298247975813992 -0.03705832796147411 1.0782285230359918 0.9229013943157557 1.2376002442744582 -0.8728703601168293 1.0743449148581243 0.39611069858944875 -0.24878913364302785 0.3991382644338057 -0.16007390329810103 -0.5664943586355 0.2121298861778367 -0.6420725457166088 -0.4258481911636311 1.7206236632180054 1.2659993335942579 0.028503724142486152 -2.1401556338141914 1.2468773391543795 -2.6315114032593296 -0.3201624466707232 -2.235083648159234 -0.8640171083377457 1.007170907240953
0.2786691610173553 0.565187949095602 -0.30205361853650753 0.987659196579346 -0.5126047358600421 -0.9155586386837453 -0.5221214383880382 -0.0030281311747779225 1.5795345309471827 0.41249117061302776 -0.177829792049524 0.771220370875621 -1.75998471994562 -0.957423512370278 -0.5674415954796991 1.485584705179679 0.5178427506542501 -0.05723097732292053 0.9836588038533018 -1.8356269167247463 0.8585053375953312 -0.2578327202648293 -1.0246850281472775 -0.0003670891721671429 -0.5004456301960215 -2.008609681146061 0.3129774534603144 -0.5650288075621014 -0.16684783653148322 1.7362418579254182 1.2336330291293194 0.3198467888562853
-0.946468060136471 1.419999157301636 1.298925582206889 -0.7088670492551644 -0.5937168182260746 -0.8540672118169703 -0.44590532895375945 0.2546752147765411 -0.8198271615908341 -0.5836847647354366 1.013766487870452 -2.021631165261325 1.7645396967494027 -0.2738174458574867 -1.0435563107677408 -0.8901903381302251 1.8073209034918674 -0.9343173787673493 0.2887344179458903 1.1655701680148176 -0.07475463602078496 0.5521943324966931 0.2485101639132593 1.6525552461082704 -1.0917625713940269 -0.20405447882753508 0.8120506081474981 1.7343890817705612 -0.12821605587035698 -0.44160533984550876 -1.9503060522334212 -1.5634814168224926
0.8029900609052777 0.21780375858664927 -1.924253387105135 1.1262659933232986 -0.8449924880609011 0.6231898549892977 0.16447800420636802 -0.46401677037394307 -1.3843130606397278 -1.2651314615090623 0.22095160324091673 0.42814074359698934 -0.2794089844950968 -0.421463757791502 0.692866829880411 -1.119095340586007 -1.3353399572411724 0.4039494925987517 0.38782134624624326 1.5168631224508733 0.3640037305712054 1.5684601842752692 -0.8003362747199182 0.8019430455921943 0.9093469717657935 -0.08925155875271751 -1.1620819199684156 -1.335084107753413 2.4646008337603744 -0.47521995064266515 0.3223075119128171 -0.04474529013914413
1.4008915195585192 0.28524093676152534 0.006628257651828827 -0.2607959678319821 -1.3788607335964396 -1.216822549317289 -0.19705242784582486 0.5601260440333339 -0.5915721615308168 -1.5897351960522983 -0.18186367050732785 -0.9252414844336821 1.6832227389268264 0.25335527160707516 -1.477539485561797 2.146852430663338 -0.2366915259260402 -0.8949693840433195 -1.1146756347619924 1.910886676451758 0.4211736624621194 0.35043920439177006 1.6395277219536994 -0.7972388126838205 0.014342891615727535 1.1991445248175412 0.22948939193054307 -0.27091558872620936 -0.3974478229153645 0.9288783251124432 -0.6444642744637227 1.7965777588094471
