-0.08616934927457631
-0.0796294703462471
-0.029304270430762027
0.16628318093584854
0.06637183087576391
-0.19974698504506005
0.19245011785471985
0.016098623859462285
0.3459195006033892
0.11153990787831143
0.10855901775650197
-0.037397036698394004
-0.09448911212878412
0.0977120966899821
0.13259363547165437
-0.18832209949892356
0.08187373779304025
0.15489187175134617
0.08132487226078057
0.15400095916627837
-0.01942853940448644
0.10323292330017254
0.029217396801781606
-0.10303890432787334
-0.21195060161504506
0.20484073262608707
0.07236891486920694
-0.07208682552259071
0.04622672606837736
0.15104915316021936
-0.1619723162912199
-0.06236607213480774
0.12563829432065052
-0.10955047966943676
-0.05929145351775408
-0.10782153931517331
-0.2424589607829154
-0.2324830593819398
0.18129142593292524
0.13269137060480302
0.0626461378316574
0.07219748119829873
-0.017471536741009683
0.04234065660900305
-0.18665623669239623
0.012255498558849895
0.05092758346143454
0.20822779792433713
-0.06754306835320335
-0.11799003905709081
0.15655812045399348
-0.1094218963750266
-0.10663655892629517
-0.28869177747506075
0.05412906057587736
-0.01711594855615306
-0.15827466781293614
0.03578314732752678
-0.020419206914072525
-0.029320636988441017
-0.02475925519701585
0.11481461503842158
0.005343603611115023
0.01668707821035341
