-1.0599861161205681 -0.04150892633426043 0.6954295664933056 -0.1642143562345648 0.07346685414293119 -0.19559543647696537 -2.0637398306109893 -0.6214819264854408 -0.380680531934421 1.2436131324602848 -0.5177449883904984 -0.6411424934171566 -1.4535231344467157 -0.8656446549732655 0.002923288452461881 -1.1772937233992515 -1.0540698849224828 -1.1587727954551057 0.1781771631436075 0.5348944313839289 -0.1896003761625758 0.28715428593983666 1.108172046501502 -0.186576080797598 0.6037588356632441 0.10302676051342086 -0.776968100094181 -0.60314675410495 -1.3868426264974048 -0.1157118125568029 0.30412167845419164 0.7435501543383162 0.46800084812978926 1.0522374366369853 -1.2412876834489674 -0.2569400081399184 0.23414752024385052 -0.08013334918457007 0.5186077910246241 -0.19585293135720497 0.23169880152097902 0.07656758618088243 -0.020630781900528125 0.5836213314374645 0.7042443997901662 0.5404931144760015 -0.6797899115278334 0.4667826184689348 -0.7997943404435105 -0.6709450285102423 -0.11479756709345777 0.33789790411298587 -1.0536049443655227 0.9638896534807616 0.6350347398280402 0.33113040149439105 -0.5880928810319398 0.3010186340028027 -0.31870184862768325 -0.6925267077807259 0.919184109579486 0.49977931862873637 -0.4873885855874513 -0.6753779003353528
-0.5580101520399678 -0.15090754048470456 -0.9619387511447742 -0.7040568811948985 0.7370718371799608 0.4190144165605833 -0.1739420578201082 0.6734397186186536 0.3250208351296945 -0.6361588933417075 -0.2141124367407125 -0.3599006483878071 -0.008095312628957034 0.35972820671656164 0.06382167215167579 -0.9776810795766119 0.1888597621292776 -0.13679743544164863 -0.1529730729540238 0.5382347586552986 -0.07072127087222731 -0.5860859554187279 -1.4445016443591714 0.7886205532059436 0.26966747820548576 0.38152209043870816 0.15276232023639613 0.35711885477444527 -0.19191203736227064 1.0494540598585955 1.0158704644157783 0.6039823560386024 0.9394152698133135 -0.37372116369705066 0.6724661365789495 0.36243494554847844 0.8957602795375795 0.760270992918595 0.6070975460732053 1.0321021198443323 0.04149798584953108 0.2819433459134226 0.6378228408754081 -1.154117987821975 0.8051182265270946 0.14520733322540721 -0.842650261748266 -1.0248917068712593 0.23198207936246917 -1.2039307354496034 0.2649595128819543 -0.7102357582605807 0.8338275809676478 -1.2858049664636604 -1.4583970554826085 -0.44103621542954 0.7043456723275571 -0.3869655973734933 0.7507243221634737 1.0717232084282822 -0.07765739055440202 -0.736888144876338 -0.34962836190256724 -1.0297995039868773
0.8753149653997055 0.21394322050476713 -0.6040108974977006 0.08300469284659161 1.2378079106340578 -1.3174870356554358 -1.2133460214497458 0.09503430160363009 -0.1662316739525404 0.5226721763901909 0.49428540387501446 0.10405001749282781 0.6147445411012807 0.4262593475844286 -0.8761607996381913 0.7816083967479946 0.321786366614543 -1.043995240087857 -0.1591680592075298 -0.3649791702619184 -0.9870076290771759 0.31812405353704104 0.02613600840537479 1.4949062209914274 -0.14534991140009154 -0.2046438554871611 0.3154593403395059 1.3155527052366294 0.34419791407143197 -0.07191371115233035 0.8501171078806855 -0.5223587754187129 -0.9086739173082492 0.7826295085693865 -0.5786528937809364 -0.11121618435476968 -0.2531847086292194 1.2350515624649259 -0.04820041231081257 -0.3387152215524554 0.06813015488921441 0.14600535800529602 -0.2153267419230341 -0.5597530870615296 0.8455815130993393 -0.2988445821291185 -0.9256217684270572 0.7993835749689262 -0.1487033051184065 -1.385897645781533 -0.20123454680931158 -0.13584805905681716 -0.9432503444579226 0.14744381064380105 0.11551235640065666 -0.11826092355869382 -0.09650365299177255 0.030831377761187072 -0.005354061295735286 0.347970098830732 -0.8416139826812026 -0.6002880518773099 -0.14869680512769753 1.0514284699645102
-0.307803702217477 -0.9414514042733857 0.0710387333991131 0.535778343632246 -0.5344845974945805 0.4507307978782856 0.9128074832435327 -0.013793270013875326 -0.3147027913060926 -1.5463931237067479 0.16526510542213735 0.21193960409998294 -1.0983574241389162 -0.388484281016367 0.7447365899089062 -0.5148742562387707 1.2129046073148468 0.3793320238913778 -0.8597182514463808 0.5669271738403984 -0.6486976539412719 0.07939691551055741 -0.22148578230593352 -0.21423881996801733 0.6926271139176501 0.5361114142664413 -0.5508228583885112 0.5448332295951096 0.9109274131758208 -0.4834290831117706 -0.0071980577255881285 -0.12414673905530746 -0.8805094863729961 -0.4161156220632758 0.41330952339715743 0.10477788996679369 0.9474059146753377 1.2837027985263043 -0.1532327325753215 -0.28982673598141295 -0.1733859762674379 -0.2722350458397105 0.4212065945403513 -0.931913085856722 0.323129081275546 -0.3575485583194991 -0.3504707198114741 -0.042126635361997955 -0.32094836441981817 -0.6536956650795254 0.7583567614968235 -0.9040266744105312 -0.9853657963915208 0.19703301540075988 0.5083877036626318 0.19623654833286364 -0.31341280807088995 0.6925536396826694 -0.9339846358401154 -0.3686807007302534 -0.07492058597750238 -0.42095531020453486 -0.08431700370293599 -0.31359658196735846
-0.06827464459032358 -0.04735667605279686 -0.08312531115455904 0.22311866720214119 -0.2459678997972749 0.8621053871979597 -0.46344250002262616 -0.5361843610553608 -1.014049414311603 0.45018242300017497 -0.020563731839820246 0.14227816627899303 1.2334906283466254 -0.43654741694193433 0.3625372531051941 -0.13255461389615653 0.8792640373097727 0.6120296820282403 0.6395495494555851 -0.733676675790961 0.30333957813039275 1.844085506963118 -0.027432055904746715 -0.1928415443925575 -0.8061811042679213 -0.3896903804704461 0.8048861729655851 -7.609538152783226e-05 0.13420021454561318 0.9863239650412527 0.0682928220211436 0.2081008347487398 0.5234528170147427 -0.07351095278168303 0.5371152034008696 0.29580458292787604 -0.29502769536664997 -0.8234533837469726 0.17707025184491798 -0.18384100057035044 -0.3028452111992788 -0.7590375218604666 -1.3561552116773579 -0.6187957589241719 -0.8929588500549893 0.18152670738176568 -0.3274743942599724 -1.4003520308286517 0.6991621235849678 1.3478734453727632 0.470233023621328 0.9935255881157508 0.8178450290270232 -0.5344971613638729 -0.6948744145434903 0.19792038986263 -0.6408531777257034 -0.43539670432437455 -0.6997153973868241 0.5675414327292415 -1.3319144879973788 0.04936221025064077 0.21886300123205057 1.021666191297902
-0.6415448622402394 1.0802060179273703 -0.6968594184586282 -0.196969430754014 -0.15082575990672198 -0.15710258126227983 0.7014064709281922 0.4517835328796662 0.5295482509080262 0.5521532474329489 1.9633688873288184 -0.10150317891431886 -0.36625631623706995 -2.115438089523844 -0.11515337067519697 -0.04693655777285433 -0.08449663772133113 0.11672367297763721 -0.7148560638949347 -0.6502984591378903 0.23741564964588444 1.227838706983248 0.9295628313743254 -0.6087102355808512 0.756806133713189 1.0522715768631263 0.2977325323997761 -0.4902031938979232 0.7199916449681713 -0.03668471919134823 -0.2074903808558644 -0.026849776643987716 0.7396511406163604 0.6099623888067794 -0.1346653038983915 0.3161609102336887 -0.6873393463167831 -0.14948239498720423 1.0465387330908928 -0.25969498738007796 0.7087867083203472 -0.25979991351101467 0.21822883833697904 0.29757508734788757 -0.35193399262094915 0.5679028180882082 0.14285659578334153 -0.4129093400419149 -0.35111965811921997 -1.214790189067673 0.03276702239129579 -0.12707561607294732 -0.5037258416977296 -0.4101321100666039 -0.6863295287825303 0.35643178809874076 -1.1020116802322981 -0.2668895543322992 -0.3096683999172331 -0.424087744438676 0.28886693195594426 0.40741733890013615 0.6664612919969828 -0.768770620122114
-0.8098450872169627 0.21746658519655335 -0.308865729021227 0.48345348893212753 1.1983947669776085 0.749499968981058 -0.5177323938909757 -0.8824577048202046 -0.9982162734355996 1.0987298498745879 -0.5251497395496106 1.1285089888431306 1.2019960835801853 -0.11280261632968418 -0.5637102810437802 0.31315333850738647 -0.6235848580710046 0.20386784362803173 0.277545632205206 -1.0414667374431779 -0.3367742298792062 -0.9159538264499157 -0.21335346241485964 0.961556132033114 0.3026350348414912 0.6480552561165903 -0.24833109246143492 -0.553186872621428 -0.4473279079480782 0.6347542720348803 -0.3978821903759987 0.19935106627919988 0.7212667443377206 0.6100623999577375 -0.12374717403995428 1.0743900237717 -1.1121549759409561 1.2917413336543908 -0.7496896696888575 -1.0219120495373588 0.8616831164392059 -0.4459807811343369 -0.9571255034930112 -0.17848532059992922 0.48617240381637716 0.44368167370778383 -0.684730503088601 -0.8575485519026902 -0.4907502764127235 0.6105516879639578 0.6962418497909634 -0.15691594997012637 0.1816958016014231 0.03316659095950164 -0.08664944733493748 0.8829993744001068 -1.4642615640079892 -0.7704881720003436 0.6102420444580715 0.015223109015421312 -0.4540969408295097 -0.5878446881272408 0.38033161764833756 -0.9299339260356804
1.1965842890735845 -1.336064555926146 0.468265155219748 1.1246565407700095 -0.07597090191093761 -0.19129764702061391 -0.11336523680976646 0.6027623524823739 -0.5353900360275042 -0.6416188971088235 0.8589594786325678 -0.8038718862607568 -0.08050206518469726 -0.4764029339881696 0.8520824506456299 -0.12114389063398161 0.9548907959594293 -0.8107653236497744 0.7836607315808937 0.4366407329361596 0.4376675819198724 -0.19930112419881493 -0.38446857461868766 0.22678734110731447 -1.2578961851061745 -1.0657997986449257 -1.1441101409546566 0.19408689258726608 0.3762748212084652 0.8990692868992401 0.3771415615185557 -0.32113700746345103 1.147111056275108 -0.23074302602805827 -1.9227306398405082 -0.2638271158304195 0.08441734942908519 -0.5465984290739007 -0.09419590521499238 -0.21616602323455422 -0.6534134236726673 -0.4053137093818945 0.17960908714335674 -0.8790066340240833 -1.3249023419372592 -0.5830644518880761 1.022930000755008 0.9113803865577244 0.82543068371588 0.5770221772643334 0.30364185737662974 0.26613761675356146 0.366541165256088 -1.2819738281690443 0.35104532208062417 -0.5032222491961623 0.019135043010071854 0.4451973938176465 1.0287708794731583 -0.8689157762099818 0.36478890084340526 -0.2230477596854022 0.15464762029285417 0.5241991106997375
0.6915511595328958 0.7421707809429813 -1.4840103477307667 0.21827376370774257 -0.0450381673730618 -0.8099913654172116 -0.7309717859012538 -0.14036211922333724 -0.3016610509801403 -0.7670041501537398 0.19273321274361177 -0.990338876896685 0.2251741448165228 0.20237857837124754 -0.877092448842586 -0.05936685144637117 -0.7895647257296539 -0.2993600801661497 -0.8503345054271843 -1.3262495783325146 -0.040893689264649286 0.39823299237242094 0.2950340989957487 -0.07781172275486811 0.8670761277160122 0.100525971682973 -1.0741854742687504 -0.7257964198060749 0.48201845284102046 0.3009722802753492 -0.20388841033427582 0.16615142317001197 0.9164466179331526 0.40161699992250616 0.5342404571263285 -0.29407274755063406 0.34402802957233647 0.7610391450313077 -1.5804620696379692 -1.090003499883557 0.5798169732962922 -1.1353631993801172 0.677329814543607 -0.33659803186900783 0.020668385706525603 0.16202710438164877 0.36845840360998766 -0.5957934160799001 0.3751153940316297 -1.3325184597997544 -1.0166652340588602 1.0130224758519162 0.876990114260474 0.6183285219000748 0.3454273495784179 0.30874548825522524 0.5887224474192103 0.4675688670474539 0.40245035308635807 -0.7420218802297449 -0.5116491942148248 0.080065046938176 -0.38051442962633947 -0.5022861610668918
0.42591415041933683 -0.20719750150036514 -0.15942300010449814 0.3180551710926156 0.39284595754803303 -0.562076504785364 1.033125872333831 0.08815947601389688 0.2596626859101543 -0.8066757648471685 0.3115588085184661 -0.22591969283824576 0.6283288547918152 -0.2245461398989931 0.7409156459358803 -1.066110762291453 -0.5761894628834314 1.7919376522752608 -0.029583123455247107 -0.7002264758493333 -0.08752796049905875 -0.26299155523870743 -1.2253634656735592 -1.0038918438438735 -0.5202435232828465 -0.4992790352786916 -1.568822699773738 0.4540176536184243 -0.9030278890028001 1.046365461902953 -0.04298459499861749 -0.5093435359934214 0.9881389095610538 1.0039820306766785 -0.16154762549459786 -0.49491229657280167 0.037147632795460524 -1.1883382756029681 0.6553664673943186 0.11411032965262559 0.37763087082377983 -0.8511861189920648 0.030541063554282703 -0.885726512627908 -0.7169188256019186 -0.798481158924075 -1.204107441285122 -0.2175248989091566 0.6231256638188455 0.4865304130874649 -0.7746026795973693 0.5479184729367953 0.4535472358000075 0.5314464736783014 0.4328429745932208 -0.19534460225958414 0.5589326013037811 0.5887701157187223 -0.3686632561135313 -0.6699250396143327 -0.7014873601239963 0.36840004005311006 0.6331416547767348 0.3253709215521609
